,PC1,PC2,Countries
0,0.08336515532376658,0.6344100385647845,"UE27
EU27"
1,1.214965182902098,1.8487708348665903,BE
2,-2.2758215533594472,0.23132352135257295,BG
3,-5.145856990488188,-1.4994377924346405,CZ
4,1.4804754414361885,-0.9182581721513023,DK
5,0.5349154323783469,-0.5134610947158058,D-W
6,-0.04694319037853982,-0.511465753945451,DE
7,-2.2675243113665333,0.40436327035628583,D-E
8,-5.633270223141189,-1.6857695201396519,EE
9,1.5024672241491617,-0.8573943413017195,IE
10,-0.6050255746672113,2.2945264786980193,EL
11,0.592371963548143,0.30741605018456114,ES
12,-0.3244574642796474,0.5344184235368961,FR
13,1.188461002043197,1.1485000281887605,HR
14,0.49784850297137645,2.5102154260162983,IT
15,2.157749189579089,-1.7401398113876332,CY
16,-3.669303021783301,-0.9938984743340873,LV
17,-0.9672281148959633,0.7134885019493847,LT
18,1.6140051871968328,-1.0673849344054092,LU
19,2.60746318905223,0.5986282178928228,HU
20,4.098096178627174,-1.540742677876972,MT
21,1.90402732284997,-1.9590269517626382,NL
22,0.00023187941037495325,-0.7228962799311963,AT
23,-0.5145520764008419,1.2455811182563978,PL
24,1.6898981225736074,1.7542404934576086,PT
25,-1.8450420470512403,0.9370862903061267,RO
26,-1.1873695707398642,-0.5465858158278026,SI
27,-0.6855388743581643,1.8098107494425542,SK
28,1.4333003716472739,-0.7068276461655577,FI
29,2.568291667221302,-1.7094901766897956,SE
