,PC1,PC2,Countries
0,0.1886834028914237,-0.5130874362477856,"UE27
EU27"
1,1.3149025594025947,-0.8102080956579548,BE
2,-1.7567216695876569,1.7862104079342278,BG
3,-3.06393167831658,-1.494860180029494,CZ
4,1.1173991529536642,-0.40427900920788773,DK
5,1.2161508561781298,-0.6072435524329219,D-W
6,0.6194207248510009,-0.5913427913668469,DE
7,-1.471244690784121,-1.1366333767776498,D-E
8,-2.9859124413036287,1.0844091122853023,EE
9,-0.17481281292506104,-0.16951294385070317,IE
10,2.0461149030159036,-0.29547058216798966,EL
11,0.05842110258558238,0.1581607874803045,ES
12,-0.3300274914227529,2.0820826171330857,FR
13,0.7181724280754667,-0.7943073345918814,HR
14,0.6194207248510009,-0.5913427913668469,IT
15,1.7813703904238831,-0.15486063299594185,CY
16,-1.2695213723548555,-0.34067596494358776,LV
17,-1.3259843476280815,1.7079550528151668,LT
18,2.0884036309671434,1.5501958923657304,LU
19,0.23097213084266552,1.3325790382859344,HU
20,2.2121077123834585,-0.23311598811500314,MT
21,1.4808953687701505,-0.74785350160497,NL
22,-1.7359892033761417,-0.9960234276056019,AT
23,-1.2065001781921003,-1.2772433259496978,PL
24,-0.8345641384149458,0.7829551782214825,PT
25,-1.5277076660573472,0.9119976409811044,RO
26,1.5589146057831025,1.831415790709826,SI
27,-1.2065001781921003,-1.2772433259496978,SK
28,-0.4080467284357048,-0.4971866751817106,FI
29,2.0461149030159036,-0.2954705821679896,SE
