,PC1,PC2,Countries
0,-0.11213361477054269,-0.3566519288788933,"UE27
EU27"
1,-2.017145164084302,-1.5036852302235801,BE
2,2.196675883168412,-0.22505205779812967,BG
3,3.059461288720044,0.20096450855251727,CZ
4,2.652774002526363,0.475852671497142,DK
5,-0.6663611382836632,-0.24024724889084745,D-W
6,-0.37555133737850155,-0.796942489359914,DE
7,1.1700394169966255,-1.4810288711752593,D-E
8,0.19578679784630382,1.571271044382417,EE
9,-1.8654389726199243,1.123234211547567,IE
10,2.4364994873325103,2.5274294913841397,EL
11,0.8017787340809709,-0.93203032822212,ES
12,-0.8570953526687711,1.8245766990933285,FR
13,2.825848337494131,-1.9737300283543942,HR
14,-0.5941918156415357,-0.9475062399757069,IT
15,-0.5732894244280019,-0.09119968294805098,CY
16,0.34030184656257323,1.5854685320934943,LV
17,1.5191314633947388,2.0158834317588363,LT
18,-4.560407746672874,-0.08850082056932009,LU
19,0.21129277633900728,-1.2334240698276995,HU
20,-1.458927331428155,2.289582985098254,MT
21,-1.547465283262281,-0.5826339823933411,NL
22,-2.3194507396417743,2.1593452270505984,AT
23,0.6461816947470378,-2.469921190837903,PL
24,2.1997677010571057,-0.257269680237855,PT
25,-0.9757490227153589,-0.4284202749053428,RO
26,-0.6210346262330817,-2.0503799008886365,SI
27,-3.351493565883077,-0.9536168612068624,SK
28,0.7903606390477164,0.2595124125444271,FI
29,0.8498350663983028,0.5791196716911376,SE
