,PC1,PC2,Countries
0,0.0889676406575158,-0.33656436300405973,"UE27
EU27"
1,-2.08035715677499,-0.14515598503614233,BE
2,-0.80014749957697,-0.15648126490167988,BG
3,1.9511962227492072,-0.36060957538256394,CZ
4,1.2048712584301868,0.8518858789339419,DK
5,0.46697324792190115,0.7407121533642128,D-W
6,0.8452555247322591,1.5258117695604259,DE
7,2.524257525320141,0.919904089978497,D-E
8,0.729057468016949,2.3148761162729627,EE
9,0.8245935139517652,-1.5676591323889932,IE
10,3.266384692871759,-1.6621059569662593,EL
11,-0.29107864994488464,-0.4405867779103495,ES
12,2.500962297738674,-0.7594699356374567,FR
13,-2.711852066720119,-1.3303479959524853,HR
14,-0.9728225128985997,-1.2276934156695818,IT
15,-0.06023861997028198,0.28214316886712004,CY
16,0.6850048947597438,1.1892982943038273,LV
17,2.154734209368343,0.992612311352968,LT
18,-0.7254791016825217,-2.715536450546789,LU
19,-2.2016262073717954,-0.98823331520375,HU
20,0.9659815756560578,-0.7949908424917911,MT
21,-1.7654762124549601,1.4720937763186117,NL
22,-2.550682169731037,1.322698166929638,AT
23,-2.9266580185116875,0.45524618357955143,PL
24,1.6859110571952456,1.0537511892018199,PT
25,-3.7575224842015666,1.2660744332080935,RO
26,-0.13190158431548304,0.32215287586364244,SI
27,-0.8992768440757958,-1.8356538212499807,SK
28,1.3124864128575333,-0.08037312911917073,FI
29,0.6684815860034125,-0.3077984462742583,SE
