,PC1,PC2,Countries
0,0.45264866045861585,-0.13005998387425566,"UE27
EU27"
1,-1.0959916527003835,-0.862895478890612,BE
2,1.0745608405656304,0.3838586888268643,BG
3,1.5310244592256614,0.04018087613036558,CZ
4,0.039878227225681434,-0.7253562319807264,DK
5,-0.7992148701527603,1.0625608607862258,D-W
6,-0.4439338150126679,0.9052620515257096,DE
7,1.8688525034068242,0.13082519396033218,D-E
8,3.194824853656904,-0.7574458562112775,EE
9,-0.03222539653204952,0.05867296571280182,IE
10,-1.0262522036567143,0.3878443668152066,EL
11,-1.721612301486304,-0.3199397124082219,ES
12,0.759841512047416,-1.3154101900331419,FR
13,-1.5716675784258942,2.9206979238088264,HR
14,0.4630623287977716,0.4548334493626442,IT
15,-0.8844997401380195,-1.5979104054835649,CY
16,1.1951794534241187,-1.2155560360185909,LV
17,2.4185075275344494,2.3627077982028992,LT
18,-1.5737516603004462,-0.23805609841680925,LU
19,-1.2610312408484268,0.9821019918384392,HU
20,-2.084970269773822,0.6920787912019969,MT
21,-1.6006600111778664,-1.5818678732928066,NL
22,3.358343118954094,-0.5888636136257452,AT
23,0.06756128566802157,-0.35559161829109276,PL
24,-0.13856509069667883,-1.3650368423287218,PT
25,1.2720565707309501,-0.10671894761959334,RO
26,-0.5965471488804349,2.1998482386903278,SI
27,0.3517357660865205,0.7992680144302892,SK
28,-1.8870296399627426,-2.602627001958109,FI
29,-1.3301244880374468,0.3825946791403407,SE
