,PC1,PC2,Countries
0,0.11293161726406074,-0.1142964758510425,"UE27
EU27"
1,-0.659691083492581,1.5131870444119329,BE
2,-1.1986388468490048,-1.8500826890709916,BG
3,0.21819940083576686,-2.7983768288767634,CZ
4,2.8666859054178957,0.6510867573014203,DK
5,0.7674231596239385,0.6657647958349402,D-W
6,0.8168808752778098,0.6257661920304802,DE
7,1.7391335767520764,-1.041487620957277,D-E
8,1.482614686011287,-1.9762568869796215,EE
9,-0.651805776507079,1.0105156973324374,IE
10,-2.057864987447599,0.37560493415901147,EL
11,-0.13966628025408273,-0.1883147661333461,ES
12,0.17324485435376516,-2.685163503008768,FR
13,-2.264480344222403,2.394902658506129,HR
14,-1.7645598162609097,0.7488145584392033,IT
15,-2.1386784115680544,-0.5824003366747651,CY
16,-0.6225841877857013,-3.741053059499993,LV
17,-0.9820740458595716,-0.36671020356908374,LT
18,-1.3100990321654045,-0.5794669180735665,LU
19,-2.9038403957547807,1.45690179173057,HU
20,-0.7754365478353332,2.8928872106955215,MT
21,4.101882310360435,2.0531992767884466,NL
22,2.0232113082871397,1.0221925486901857,AT
23,-0.22351124236489467,0.6319555552803322,PL
24,-1.254343721427988,0.008144060924616853,PT
25,-1.2778298939420807,-0.4757895474231784,RO
26,0.39161238645263485,-0.5052351964432321,SI
27,-2.005494512960788,0.40449057157721835,SK
28,3.749892334089358,-0.35506427871269136,FI
29,3.78688671197209,0.8042846575718762,SE
