,PC1,PC2,Countries
0,-0.12449991687513856,-0.20871837210527072,"UE27
EU27"
1,1.2634055895591183,1.6549162688940302,BE
2,-3.4195309086199277,-2.316902140054341,BG
3,-5.42946702493769,0.45677326600124984,CZ
4,1.9074528402886963,-0.3964821146776837,DK
5,1.5256717033413945,-0.9253797870486562,D-W
6,0.8698602536233054,-1.0277334919582013,DE
7,-1.0064343540297949,-0.49801098920880515,D-E
8,-4.839390350975458,-1.8533138099867408,EE
9,2.9494525453597618,-0.6710507542891704,IE
10,-2.0672920093295595,0.6994780109700044,EL
11,0.465033930682212,-0.292527811487291,ES
12,0.7055486876204107,0.578680018713475,FR
13,-0.2745601799542057,1.827906971498394,HR
14,0.44967992323592276,2.2614301083366515,IT
15,1.8622209935886194,-1.845774740776168,CY
16,-2.7226177403048113,-1.0266130736586305,LV
17,-1.3427749158368072,-0.03417613369605982,LT
18,2.0959301437896225,0.8268513305661794,LU
19,-0.07705795654236806,0.6842112799482651,HU
20,4.13496549799328,-2.3295079346521397,MT
21,0.6972884314143105,0.05596548948883602,NL
22,1.6253598455516536,-0.8411358482529854,AT
23,0.31083238529972934,1.5908171939067302,PL
24,1.9279741684265135,0.5481701969064461,PT
25,-3.2833201407378745,-0.16755813354247573,RO
26,-1.6754008517618457,1.5053071780633218,SI
27,-0.35329838294585175,1.6671182214546414,SK
28,1.087398086430123,0.39696050779489034,FI
29,2.73756970664666,-0.3197009071484961,SE
