,PC1,PC2,Countries
0,0.11840526779672537,-0.5282556934211188,"UE27
EU27"
1,0.5008376294976494,-0.9586976306903058,BE
2,1.7613368551351793,1.4659280845002713,BG
3,-0.9389288805582539,0.8492284715901824,CZ
4,-2.843814678354597,0.7744622691926227,DK
5,-0.9373942499385071,-1.3188635464513643,D-W
6,-1.1605190373719096,-0.002763055887950123,DE
7,-0.6012739850311176,1.1938713711115883,D-E
8,-0.8556909329192106,3.0729697362258914,EE
9,1.905645914999938,0.09076249393074423,IE
10,3.1335896226769675,-0.32127332484611065,EL
11,0.7933883591774455,-1.2643747446714106,ES
12,0.34673375471313417,2.4576948578613464,FR
13,0.7447854757926886,-0.6121703887779704,HR
14,0.6275159372557919,-1.5342906225922335,IT
15,2.085659155364159,-0.08414896177188973,CY
16,0.6196282338892412,1.8954377686854196,LV
17,-1.5320445167775292,1.7376857830813688,LT
18,-0.6471944370046517,0.5142554126143607,LU
19,0.1690927856543413,-1.498529386531951,HU
20,1.3947815611617744,-2.2106975305575256,MT
21,-1.927872636501558,-1.6730502920326284,NL
22,-0.02870043149230995,1.5870325067780893,AT
23,0.31040470672705195,-0.6674275778740615,PL
24,2.313159363861645,0.572653709386003,PT
25,0.2660630363933237,1.3659822349796988,RO
26,-0.8208511188769457,-0.5681985740125809,SI
27,0.6896757378646747,-1.8065728602967353,SK
28,-2.6764878112424273,-1.3626404584841645,FI
29,-2.8099306818927126,-1.1660100510375855,SE
