,PC1,PC2,Countries
0,0.21431745366028154,0.4063242642721874,"UE27
EU27"
1,1.3120032263538557,2.159231696957805,BE
2,-2.7151973904365976,-1.0497902856083954,BG
3,-5.6130863280480945,-0.17146317684048107,CZ
4,1.764773795052324,1.1598890009011986,DK
5,0.7986557406166924,0.0836870947411493,D-W
6,0.3712499465878565,0.11944781927230834,DE
7,-2.618376588852323,-0.304621201633475,D-E
8,-5.474262153181216,-1.5639313456646058,EE
9,1.8738980056522558,-0.14305283715604453,IE
10,-1.15502553802949,-0.2460742838722154,EL
11,0.46561169376600126,-1.2547080572096336,ES
12,0.7037766817254488,0.41130652700840803,FR
13,0.4922719239808813,1.3173224396018448,HR
14,0.13440073320771243,2.0537086062613197,IT
15,1.4777297818303854,-2.328747294500501,CY
16,-2.9147116573022602,-0.5740284919213027,LV
17,-0.11490419674673281,0.31129068490861433,LT
18,1.2820379114083993,-0.609623928226199,LU
19,1.2678333977678202,0.49502428330404036,HU
20,4.637683413022921,-2.6602196683435726,MT
21,1.806577425158263,-1.5180723719082565,NL
22,0.6670880223587498,-0.593018431784419,AT
23,-0.6464075680028348,1.606393117944419,PL
24,2.184718738895878,0.5289087243792301,PT
25,-2.5747443910134407,0.2483868649354783,RO
26,-1.4898069339968658,0.007135295275325763,SI
27,-0.28326923077200317,2.2042834987697746,SK
28,1.718369624670558,0.105412777001202,FI
29,2.426794460665575,-0.20040132086520396,SE
