,PC1,PC2,Countries
0,-0.01412064889950922,-0.057638516436341936,"UE27
EU27"
1,-1.0271067322754772,0.15347119469180778,BE
2,1.2525506280906376,-0.7725485838474437,BG
3,0.9147992325739385,-1.2317924224051038,CZ
4,-0.30067773168179185,0.9440524615256541,DK
5,-0.4139590824632881,-0.3084316606396871,D-W
6,-0.09274656279768315,-0.08753476545872771,DE
7,1.078124474386051,0.17238494287230038,D-E
8,2.6826258396265343,1.7040087103760153,EE
9,-0.838384869048628,0.11106285786036582,IE
10,-0.4510555448366936,0.15650814831976734,EL
11,-1.474559687587662,-0.8759763271237292,ES
12,0.7759352867905764,0.5316424808718105,FR
13,-0.7961467549369858,-3.162483328059131,HR
14,0.6249336797864039,-0.07339541179513888,IT
15,-0.8957915504285943,1.2672210294367547,CY
16,0.5494246837240276,1.351848051435605,LV
17,3.928293042064737,-0.9902801504817029,LT
18,-1.6379630561171739,-0.4144272961082783,LU
19,-0.6588007401336736,-0.3812379480292606,HU
20,-2.171447296736217,0.15719102579454103,MT
21,-1.3300922906271526,1.165448848025805,NL
22,2.8829200373616106,1.4094857973135422,AT
23,-0.18730485750269688,-0.7683094411397193,PL
24,-0.15571017544067683,0.6314495641533782,PT
25,0.7283165351726888,1.172404670318878,RO
26,-0.18027792553503127,-2.9036423475173607,SI
27,0.3652871488956717,-2.0370034168446343,SK
28,-2.070666387539073,2.500165937204237,FI
29,-1.0863986938848724,0.636355895685795,SE
