,PC1,PC2,Countries
0,-0.46336186626770104,0.06859240135113455,"UE27
EU27"
1,0.30722519625179656,-0.6987259875608623,BE
2,0.2345732431334662,0.8309336719273108,BG
3,0.26613514939560867,2.7425934864262085,CZ
4,0.6017037861136321,0.8296893923433558,DK
5,-1.4787026241073065,0.836740309985767,D-W
6,-2.261227164734879,-1.7425940841264678,DE
7,-2.4032284405490008,-0.3071863557398159,D-E
8,0.4974899267331592,0.44768923733263083,EE
9,0.7604066103328524,0.06444480273795127,IE
10,-1.0389201280088107,-0.6941636290863604,EL
11,-0.6899525733082276,-0.31299299379827217,ES
12,0.04430851265210332,-0.3154815529661821,FR
13,-0.7807675147061407,1.5990815805619436,HR
14,-0.3228220303280623,-0.3142372733822272,IT
15,1.097436686925359,-2.9010373449981923,CY
16,0.04430851265210332,-0.3154815529661821,LV
17,-1.0073582217466686,1.2174961854125368,LT
18,1.1457001415926,-0.31921439171804683,LU
19,-0.603901702207338,0.45142207608449564,HU
20,2.7547621494529007,-0.707021184787228,MT
21,3.3484833994735945,-0.3266800692217763,NL
22,-2.261227164734879,-1.7425940841264682,AT
23,-1.9682100147475279,0.8383993494310402,PL
24,-2.054260885848418,0.07398427954827222,PT
25,0.41143905563226923,-0.31672583255013687,RO
26,1.5128306845727657,-0.32045867130200173,SI
27,1.2317510126934903,0.4452006781647212,SK
28,1.3541278603535456,0.44478591830340286,FI
29,1.7212584033337113,0.44354163871944785,SE
