,PC1,PC2,Countries
0,0.0595989621917968,-0.4944656742062483,"UE27
EU27"
1,-1.2397772443782125,0.7905473051808767,BE
2,-2.3817510891011806,-1.1033757513775408,BG
3,0.4763993051341179,-1.3174102438479405,CZ
4,0.1716059764040016,-0.03913350189933399,DK
5,-0.6903901486832614,0.3568291643181827,D-W
6,-0.7107032816659941,0.3849260272450968,DE
7,-0.35472926856745896,-0.023729004758518364,D-E
8,-0.686564718466234,-0.7680074212439225,EE
9,-0.5913028676312437,-1.0569462841261668,IE
10,0.3685395046447116,0.14527484345925454,EL
11,3.9464171515551096,-1.7615269525673583,ES
12,2.321899535525655,-2.36025296681498,FR
13,-0.9195644002686474,1.3047164802151106,HR
14,-1.8432256527683344,0.21642861837598984,IT
15,0.18261490253269658,4.44833355354139,CY
16,1.3475152338770788,-0.9700692490046023,LV
17,-0.8359345788928895,-1.3131487877539751,LT
18,-0.3346263857084376,0.09162095349618223,LU
19,-2.151739099382098,-0.3719020862808172,HU
20,3.171389077489391,2.8584051419327867,MT
21,-0.8297998797172623,2.2951515365135884,NL
22,1.3159052093735084,1.5765966565230585,AT
23,-1.1771232383141488,-0.4048152848552592,PL
24,2.8033227520312916,-0.9883469804512865,PT
25,-1.518126036466738,-0.5423306142550355,RO
26,-1.97306165795605,-0.3403501323084692,SI
27,-1.7366326963979797,-1.0070455657103705,SK
28,1.6328722222840664,0.11529527958744923,FI
29,2.1769724113227467,0.278730941072861,SE
