,PC1,PC2,Countries
0,0.43972161504969515,-0.5681055724832326,"UE27
EU27"
1,2.2919627946275027,-0.6848026732966206,BE
2,-0.5773485935056051,1.9072983680879831,BG
3,-4.897183563170627,-0.8478743673867724,CZ
4,0.1810694214613055,-0.7641036348431005,DK
5,0.7847405659142218,-0.6839854314776995,D-W
6,0.2442717341067649,-0.7077849707754041,DE
7,-1.3035646075889218,-2.412949656699862,D-E
8,-4.368458893626839,1.182886459301824,EE
9,2.681797828857127,1.5961113874071107,IE
10,-1.2751559272112758,0.42389407815343116,EL
11,-0.10340577069557343,-0.1440308142287881,ES
12,0.7896642317329963,0.22330324354267428,FR
13,1.389031633925133,0.07672596004953082,HR
14,1.7981190787055492,0.7961587095185875,IT
15,3.518030694319097,-1.325012322475508,CY
16,-1.172135168488956,1.9557835855869443,LV
17,-1.5833518749716855,2.0160486761571645,LT
18,0.35386922403201465,-1.095687384175041,LU
19,0.9468835433055851,-0.1171175740695883,HU
20,3.915215517229122,-1.6265246816959136,MT
21,-1.0165412690280222,-1.4444367184885203,NL
22,1.3843768352468775,0.16088362473170578,AT
23,2.3374779640006054,1.0354223459985816,PL
24,2.8825648176756964,0.8400421905949804,PT
25,-1.3767158766138994,1.5891000101964117,RO
26,-2.552698637137682,-1.334011468488963,SI
27,-0.03376588699429594,1.8011127510086573,SK
28,-2.4495282016004665,-0.6107011896020095,FI
29,-3.22894322955545,-1.2376429301485627,SE
