,PC1,PC2,Countries
0,-0.11821257149395858,-0.49808381559839165,"UE27
EU27"
1,1.42859385292785,-0.8126204790229522,BE
2,1.2444857784614476,1.023806919640622,BG
3,-1.3531341950659763,-0.7071013711764346,CZ
4,-1.356288590022766,-0.13129276327932068,DK
5,-1.5309334796187994,-0.022291188307086356,D-W
6,-1.6852986825653011,-0.048418382754341696,DE
7,-2.1515486863615974,0.44900864180100614,D-E
8,-0.7748794396702381,2.9873878234147595,EE
9,0.036152631452541925,-0.4719566211511367,IE
10,-1.8099210139919035,-1.937100170312428,EL
11,0.49924824029204873,-0.39357503780937075,ES
12,-1.658710206002191,-1.3351643679680592,FR
13,2.9722458823928704,-0.5513485345503998,HR
14,0.9654982440883445,-0.8910020623647186,IT
15,0.47581415868572774,0.3173623395072327,CY
16,-0.28519535426762105,1.779023421542808,LV
17,-1.6916074724788808,1.1031988330398859,LT
18,1.42859385292785,-0.812620479022953,LU
19,1.274228649981348,-0.8387476734702082,HU
20,0.16708375279272325,0.26510795061272213,MT
21,0.16077496287914386,1.4167251664069496,NL
22,0.7845445645787309,0.36961672840174326,AT
23,2.0429002697570686,-0.13230309333681772,PL
24,-1.379722671629088,0.5796446140372825,PT
25,2.636926999936755,0.6831430617688069,RO
26,0.039307026409331626,-1.0477652290482506,SI
27,1.8853806718537771,0.4173783201130408,SK
28,-0.8963473761400503,0.5228974279595591,FI
29,-1.3499798001091867,-1.2829099790735485,SE
