,PC1,PC2,Countries
0,0.3542931251385597,0.09423373323653586,"UE27
EU27"
1,1.370922537412204,1.816121476082124,BE
2,-3.2110809356153567,-0.020422841078574953,BG
3,-5.030021500458643,-0.9771899772252021,CZ
4,2.5726411530681985,-1.5434497646206196,DK
5,0.6920216665086455,-0.9706339718982894,D-W
6,-0.03568142688138203,-1.1518859311040741,DE
7,-2.3168632781619904,-2.1486090579917927,D-E
8,-4.845878095427426,-0.4341304912604576,EE
9,2.9781945525964524,-0.47446378938447226,IE
10,-1.1976191616708836,0.4634321145889945,EL
11,0.5264673916897232,0.34439041145549426,ES
12,0.7505193608508935,0.16420556898321717,FR
13,1.1753788434838164,1.1176616444305052,HR
14,0.4658438437715536,1.8305962093016848,IT
15,1.3610167666641615,-1.9788911273036094,CY
16,-1.696517853900535,0.5938510671053632,LV
17,-0.18351650972279604,1.9950641011654082,LT
18,1.5067932153176098,0.34787731097735614,LU
19,0.26461258218962175,0.47417799339240324,HU
20,3.4149559543214774,-2.08077803801415,MT
21,2.339780852754964,-1.1884651019056396,NL
22,1.7878916220784757,-0.7785046276606625,AT
23,0.026039560632764837,1.3317206946781717,PL
24,2.837122540991584,1.4396637463645992,PT
25,-3.92828627705278,-0.1424048798305157,RO
26,-1.8987668667656126,0.03766951397590603,SI
27,-0.5108423836939541,2.168165065011624,SK
28,0.7272124193175714,0.5969668724628086,FI
29,-0.2966336994369202,-0.9259679239341342,SE
