,PC1,PC2,Countries
0,0.22378901602004245,-0.6427181140250545,"UE27
EU27"
1,0.9230947343433296,-0.159312559767956,BE
2,-0.7237913825647604,1.3366809348652675,BG
3,0.2237890160200438,-0.6427181140250542,CZ
4,1.4475740230857908,0.2032416059248709,DK
5,1.159386956734053,-0.7790393571166543,D-W
6,0.9845605271532314,-0.8998907456809295,DE
7,-0.30069027272241994,-1.00527227971788,D-E
8,-1.8342157528595908,1.3521507893925924,EE
9,-0.598448287923047,0.35503270354379685,IE
10,-2.060937026401426,-0.37070835956190884,EL
11,-1.5859410725980696,-1.1106538137548294,ES
12,0.9230947343433283,-0.159312559767954,FR
13,1.0979211639241497,-0.03846117120367881,HR
14,0.9230947343433283,-0.159312559767954,IT
15,-2.8927452791934054,2.9696284043101437,CY
16,-1.122927576665511,-0.007521462149028894,LV
17,-0.7118089246939654,-0.5063968709334543,LT
18,2.496532600570718,0.9283499373105216,LU
19,2.557998393380621,0.18777175139754584,HU
20,2.732824822961442,0.30862313996182117,MT
21,0.22378901602004383,-0.6427181140250543,NL
22,0.45051028956188005,1.0801410349294471,AT
23,-0.4755167023032411,-1.1261236682821552,PL
24,-2.4720556783729704,0.12816704922251673,PT
25,-0.4874991601740363,0.7169541375165668,RO
26,1.622400452666612,0.3240929944891462,SI
27,2.1468797414090757,0.6866471601819715,SK
28,-2.1104203613405335,-1.4732079794476542,FI
29,-2.76024274472471,-0.8541139138190091,SE
