,PC1,PC2,Countries
0,-0.34860944726030674,-0.10458407500345,"UE27
EU27"
1,-1.1520595045493383,0.1361524834762542,BE
2,0.7131294555529635,1.6370566793581907,BG
3,1.841259390674723,0.10581776714667072,CZ
4,0.7664971790841931,-2.6205142008042475,DK
5,-0.7506665029930429,-1.956999581036548,D-W
6,-0.4187700467647669,-1.452307451186805,DE
7,1.5516944311498493,0.7508390478020206,D-E
8,3.5908474738655087,-0.9114337180824152,EE
9,-0.6269463164952637,1.4815460345113542,IE
10,-0.7681630774053866,1.368255548536358,EL
11,-1.5411037328232982,-0.5575134833460019,ES
12,0.20869439487985586,-2.163806325599786,FR
13,-0.2944820475432321,2.0761510259453515,HR
14,-0.34954233160873066,1.8836789476974343,IT
15,-0.7047478813439203,1.1612886417967916,CY
16,2.673254191444504,-0.16332016907062769,LV
17,2.6112423908958906,-1.8399349176890587,LT
18,-1.8260742911511931,-1.2333942326066056,LU
19,-1.1568495374679562,1.3535438003230524,HU
20,-2.599873835333215,1.5341319867046341,MT
21,-2.207433681787498,-2.0161975203560987,NL
22,-0.10713162889272533,0.32977141853642017,AT
23,0.2382865186457692,1.701526523417806,PL
24,2.0900937379712965,1.4029624537857621,PT
25,2.650302866148978,0.29793587348742334,RO
26,-2.0296888868715612,-0.5970069316717685,SI
27,0.6926267583900423,0.5351323408279909,SK
28,-1.016285066184386,-1.1540524781573556,FI
29,-1.7295009722277555,-0.9847254887427475,SE
