,PC1,PC2,Countries
0,0.5972937993374955,-0.5999888910747675,"UE27
EU27"
1,1.0286942018037726,-0.952764169559633,BE
2,1.825752214266903,0.21215669603499093,BG
3,-1.3396295699949448,1.7261613474057926,CZ
4,-3.071207469347694,-1.9508746162077442,DK
5,-0.37127377712520965,1.3761585092734785,D-W
6,-0.37542979567330814,1.3753323127933499,DE
7,-1.005153662475441,-1.0018334471975439,D-E
8,-1.5565472758692054,2.5552395398284378,EE
9,0.9413218472749482,-0.7297017322631241,IE
10,0.37569614053402955,0.3539103265373884,EL
11,-0.018197974117483823,-0.5036937228401916,ES
12,-1.2735626676814922,2.2415275279881977,FR
13,2.53433234510854,-0.14798172141246868,HR
14,1.676212918198963,-0.18416456824216432,IT
15,2.7722800456339316,0.10931731884131263,CY
16,-2.4423272686716992,0.6457559363208112,LV
17,-0.9516186390205063,2.254134430267091,LT
18,-0.2245525433854641,0.5301944109092243,LU
19,1.0385662232097044,-0.9927187849958803,HU
20,0.10762641610644086,-0.9706148351548249,MT
21,-0.2905125940476908,-1.5634770200512627,NL
22,-1.729410694535365,-0.29539154143619184,AT
23,1.6671208889478986,-0.16501345700416853,PL
24,-0.1498092694570554,-1.043160927064725,PT
25,3.414862751326157,0.8978942278769055,RO
26,0.36660411128296455,0.3730614377753836,SI
27,0.23274171643331093,-0.3695633148156641,SK
28,-1.9659594357071404,-1.9421119013235328,FI
29,-1.8139129823553588,-1.2377893712084769,SE
