,PC1,PC2,Countries
0,0.0777526336946058,0.12886541893370632,"UE27
EU27"
1,-0.14558866311483873,0.5465721286688924,BE
2,-1.684942126470301,0.5270121425518007,BG
3,0.6794264238936952,-0.45701467154955333,CZ
4,0.6489653636144324,1.1184555900064312,DK
5,-0.05486891452659553,1.4711058515809488,D-W
6,0.15164178932458472,1.0893069497823793,DE
7,1.0751705100271605,-0.8234207365543561,D-E
8,-1.1026270339879523,-1.4582479381852134,EE
9,0.4037372643297707,-1.298505488702506,IE
10,-1.5521863070741735,-0.616269235759833,EL
11,-0.549527047773902,-1.4990728017460915,ES
12,1.1594726766146475,-0.030674292733164903,FR
13,0.27996324896602814,0.530240870736314,HR
14,0.673106995794713,0.4917671998492384,IT
15,-0.4804538787714778,-2.2062296599613918,CY
16,-0.16122827203737966,-1.4736573388659266,LV
17,0.593998375008245,-1.8067214588845713,LT
18,1.0619145367704887,2.1180779787173885,LU
19,1.3978725825610747,1.7341733413865796,HU
20,4.090706031152015,-0.8171613865750395,MT
21,-0.9075453495969231,1.3080919545880016,NL
22,-1.3536540762387974,1.1313030710610972,AT
23,-0.01812454342150427,-0.17153618521977995,PL
24,-0.27595538163097666,-1.5725436172851812,PT
25,-2.048143776176659,1.1145196748467083,RO
26,2.004293189950552,0.003834966646421243,SI
27,1.5000691877761652,1.0857930741412734,SK
28,-1.8628910378484416,-0.6890470873016743,FI
29,-3.6003544008082566,0.5209816858271016,SE
