,PC1,PC2,Countries
0,0.22752671333165125,-0.4669800420992412,"UE27
EU27"
1,0.3924773126715873,-1.177615180453955,BE
2,-2.610174952784875,0.2079188838598564,BG
3,-0.13511570973191123,2.0074354200204967,CZ
4,1.878317732745491,3.7541344257373024,DK
5,1.5745302646972827,0.12337094160381518,D-W
6,1.3244414541782785,0.05239443253559439,DE
7,-0.1949695589388504,1.436375991678617,D-E
8,-1.9870120273254115,2.009442422795252,EE
9,-0.9279485053584711,-0.7754804366479529,IE
10,-1.238500473529951,-2.5122089064702635,EL
11,0.22750183201421315,-0.9680477541395204,ES
12,-1.789272040492968,1.3273861041481751,FR
13,-0.06488722553141552,-1.8764638670465557,HR
14,0.5360600903369849,-1.4103965077619667,IT
15,-1.3951434499562196,-1.574373343642581,CY
16,-2.4351330504786777,1.9648541033997027,LV
17,-0.905781072688394,0.6360435072923549,LT
18,-0.25288809877092616,0.011380282184855052,LU
19,1.0389876848783968,-0.9999203494858933,HU
20,0.9627939799081174,-1.3759036543813894,MT
21,2.604642056210835,0.012683364666900376,NL
22,-1.2858993277856385,1.7921625205667129,AT
23,-0.073270028092328,-1.1854444076446105,PL
24,-1.2210356540334801,-0.7387651008825405,PT
25,-1.902693044899231,-0.0891837148893944,RO
26,0.4696633985521073,-0.5327863894969048,SI
27,0.5503654835403138,-1.2574494705641297,SK
28,3.1263014612871243,0.8007161623577934,FI
29,3.5061147560463692,0.8047205627594668,SE
