,PC1,PC2,Countries
0,0.2875142688999881,-0.018584971750394842,"UE27
EU27"
1,0.36271948897219686,-0.9935139599285635,BE
2,-2.0513642888924393,1.6271697646979546,BG
3,-1.8088840554515586,-0.04009270289710199,CZ
4,2.202838879272243,0.9725381764949004,DK
5,1.8853048496448557,-1.6089741183385033,D-W
6,1.8962068610320444,-1.495336037331725,DE
7,1.8508830177348168,-0.6216902160025726,D-E
8,0.049420797758856765,0.4877489364771987,EE
9,0.21852542858129717,2.5372155679577815,IE
10,-1.790574603484357,0.15674968776432335,EL
11,-0.8772075461601665,0.4614417777846869,ES
12,2.677345318884933,0.07438251262053075,FR
13,-2.479913974565463,-0.8506596482271553,HR
14,-1.4199515568704992,-0.44092258599611134,IT
15,-1.8817626395457587,-0.5411613868464686,CY
16,-0.5482528701457586,-0.797606739657111,LV
17,0.13434848545522543,2.2817078840921865,LT
18,0.9914570526202123,-1.0205311911432395,LU
19,-1.9599039146861044,-0.6097651225814025,HU
20,-0.9346074468049771,0.3741102210039193,MT
21,2.387502416773586,-0.8249536576886125,NL
22,0.6155078394814608,0.46027747150622644,AT
23,-1.550915261181777,-1.9171149975285586,PL
24,-0.1906436271281853,1.4287551832245546,PT
25,-2.427094767915287,-1.7565239323319992,RO
26,0.42204746624468653,-0.1327849074146139,SI
27,-1.0002261726413246,2.0412782815920583,SK
28,2.097748549850419,1.7129985681616795,FI
29,2.841932004266833,-0.9461578577138712,SE
