,PC1,PC2,Countries
0,0.6923968659525466,-0.047942740283498576,"UE27
EU27"
1,3.1684835496178354,0.5890257931827007,BE
2,-2.2929980607326224,0.29833138660623215,BG
3,-2.983834686595528,-2.038822566865585,CZ
4,-0.5060296287876188,0.550355907597428,DK
5,1.9215971330995243,-0.1383441910395813,D-W
6,0.9180271932018438,-0.20956678377832744,DE
7,-1.529067300206364,-0.062217146738822206,D-E
8,-2.277875902995022,0.8470532246342202,EE
9,-0.12584097783867115,-1.031654282550116,IE
10,-1.3505033492635372,0.5368575082104753,EL
11,0.9923574345418581,-1.2152679144195915,ES
12,1.098382677375325,-0.8098024405038641,FR
13,-1.6209894601298112,2.7487094376734813,HR
14,0.7946816035296914,2.3617773826101685,IT
15,0.5273495485849641,0.609058527818596,CY
16,-3.2009971137309403,-1.4731193241219236,LV
17,-4.001987524361694,0.15130420139666534,LT
18,3.6357652362713386,-2.174402375909111,LU
19,-0.046543830236781686,1.0067050877180397,HU
20,-2.633361042333586,-0.9853158957461475,MT
21,2.3568999634503314,-0.25004311030476134,NL
22,2.08924307983466,-1.8686045755458163,AT
23,0.000197717398745088,0.38016377882443053,PL
24,-3.1305461972498896,-0.832364642886162,PT
25,0.3167025594706223,0.9616055722405003,RO
26,0.19439466381841936,0.9018466555997682,SI
27,3.1359182439803615,1.2804389077326899,SK
28,1.545253169275714,1.1395189005854527,FI
29,2.3129244350582923,-1.2252842817375398,SE
