,PC1,PC2,Countries
0,-0.960464070512559,-0.12909499941150301,"UE27
EU27"
1,-1.9755501094416281,0.24567851670792495,BE
2,-0.91138667893072,-0.6667544730984712,BG
3,0.45328774101580427,-0.1270275654983184,CZ
4,-0.6277024757108379,-0.08860948031952083,DK
5,-0.18831155853073303,-0.5375107258337132,D-W
6,-0.05380698662166837,-0.3542807948787188,DE
7,0.8992824067963462,-0.07828527526998467,D-E
8,3.6980795749738795,-0.09296873538725392,EE
9,-0.33461328262782974,-0.21309813212043602,IE
10,-0.007307802993528728,1.0945217918790675,EL
11,-0.8713664669112738,1.0198820962096615,ES
12,0.26070401607516247,1.8019262094548487,FR
13,-0.22787312402413817,-2.0020285182744253,HR
14,-0.702466196516612,-1.0468982104391162,IT
15,1.839103034376436,2.1193538715029194,CY
16,2.3639875384198983,-0.14802591391522338,LV
17,3.2798426888042225,0.3297836584455542,LT
18,0.08596034775407896,0.20891240473225883,LU
19,-1.651387830846351,-1.035245665260728,HU
20,0.9479084589240891,-0.3037080190315297,MT
21,-1.8641027303561686,1.9491573837310014,NL
22,0.18520734623811952,1.5481432087822768,AT
23,-1.2121578951680911,-1.41943796862335,PL
24,-1.2957484551553269,1.167109731167364,PT
25,-0.21101645138758182,-3.148030402443704,RO
26,1.9650381764998759,-1.0388426873995986,SI
27,-0.49355302117444877,-1.961397454572606,SK
28,-1.1281226000733766,2.690133034053915,FI
29,-1.2614635928950395,0.2166431151114073,SE
