,PC1,PC2,Countries
0,0.27187100128264985,0.014921421575680932,"UE27
EU27"
1,-0.5955939802983569,0.4257128531255288,BE
2,-1.2747515941908885,0.5257251316365708,BG
3,-1.786436288171262,1.8482809902597828,CZ
4,1.9014182144895517,1.3702216667393468,DK
5,1.2330506398194325,-0.29937057502758774,D-W
6,0.616943467517129,0.13311465406274836,DE
7,-1.9293345062945066,1.599176856030724,D-E
8,-2.229686590770449,0.6099534446728498,EE
9,0.24130573885741274,-0.9571861112101148,IE
10,0.06364995619988309,-2.0579679251772633,EL
11,-0.5429885370531201,-1.8299506732034498,ES
12,0.12889924610847248,0.7454576551336903,FR
13,0.9109779995115276,-2.190123243825492,HR
14,0.6903659969280252,-0.4888009112627937,IT
15,-1.0944362952081468,-0.1309696390485206,CY
16,-1.454188839396707,0.6786418793897,LV
17,-0.8724212802269457,-1.4207370338118672,LT
18,1.0175089931219,0.7777438815554427,LU
19,0.38770743038808,-1.157360556856613,HU
20,-1.5226962021971508,-0.3207015444381684,MT
21,2.70670212745192,1.7067146087554474,NL
22,0.2831859991258399,-0.8393501379709781,AT
23,-0.2687218005094297,0.56589474996768,PL
24,0.23128674619288872,-1.4219085789685602,PT
25,-0.6933624851717158,0.09159971795463416,RO
26,-0.3433581172427316,-0.05637137226594719,SI
27,-1.2515544889102943,0.8591689590888867,SK
28,1.6546960746110222,0.18444133114656866,FI
29,3.5199613740359714,1.0340285019720736,SE
