,PC1,PC2,Countries
0,0.5129477373924101,0.1776641955758957,"UE27
EU27"
1,0.22647833089924221,0.022448428795504936,BE
2,-2.253071873886262,-0.8795327800069206,BG
3,-3.4957892981298064,-1.3899881181808795,CZ
4,1.4010550688706718,-2.0501400310923663,DK
5,2.1697618270752987,-0.9954205569538518,D-W
6,1.4861681860997327,-1.2191237926566667,DE
7,-0.8059121070484128,-1.7495097952869527,D-E
8,-2.410040875639625,-2.6415710457234605,EE
9,-1.1906844889693204,-0.010163733362443477,IE
10,1.318770909797021,1.2929832402341754,EL
11,0.21840354112580995,0.20287071996847322,ES
12,-1.2383981389841694,-0.4120040833344779,FR
13,1.6294851020565793,1.5760078755425342,HR
14,1.1538081712505703,2.171037866419334,IT
15,-1.0343445644866378,2.202399176472687,CY
16,-3.8118900633222825,-0.4015264829425058,LV
17,-2.4675004932787035,-0.637807500308195,LT
18,0.7078046081058591,1.4745138218983145,LU
19,0.18028066938625048,2.8013432054271634,HU
20,1.4397079759809572,2.1349074494706577,MT
21,2.883581800052339,-1.1505013753879274,NL
22,0.9429541986347516,-2.038264811199755,AT
23,-0.2744341578976489,0.7709504659879086,PL
24,-0.7934960551253532,1.4522896412995463,PT
25,-1.4656087862260223,0.6062513440516152,RO
26,-0.5129714805359277,0.9423498553712673,SI
27,-0.8000164648051856,1.4989406500544329,SK
28,1.4341532150428384,-1.962639661536767,FI
29,4.848797506565031,-1.7887641685963362,SE
