,PC1,PC2,Countries
0,0.4609304410860506,-0.5336460627167878,"UE27
EU27"
1,-0.1386470980526731,0.5703245960856951,BE
2,-2.1075529479629016,-0.072334599789999,BG
3,-1.4041047118928809,1.502216676414472,CZ
4,2.2723959483501797,2.3869242209866006,DK
5,3.1218634426438996,-0.5668101472874376,D-W
6,2.20368258258699,-0.048601633780969836,DE
7,-0.7575622469256206,1.1241939728804178,D-E
8,-3.9518280732716358,2.8372563196659732,EE
9,-1.0028513932724652,-0.5483031194771508,IE
10,-0.830366571725529,-2.742580043326555,EL
11,-1.2616911621540166,-1.7020464803765896,ES
12,-0.38788401913872433,0.9013490491195589,FR
13,-0.6020269011754532,-2.506611738915851,HR
14,1.2149338433371952,-1.299846764935124,IT
15,-1.0122209092747323,-2.649503674165441,CY
16,-3.3401396670414174,2.089241217031842,LV
17,-1.266754443664643,-1.18593182780931,LT
18,2.1683663041414616,-0.08627425372760819,LU
19,-0.19657483818415833,-1.8503728501492982,HU
20,0.4819321192950572,-0.16330675323915061,MT
21,4.298669979879435,1.090373595536123,NL
22,-0.5442878255198036,3.420113981984575,AT
23,-0.6808350219919463,0.06573118454869778,PL
24,-1.7834731381876965,-1.6606946096712651,PT
25,-3.767612025296794,0.38457943952148765,RO
26,0.7324389220085639,-0.1735540413666756,SI
27,0.36246354244323503,-0.231956854067523,SK
28,2.073884696964369,1.2481651631543365,FI
29,5.64485117199666,0.4019060378729583,SE
