,PC1,PC2,Countries
0,0.6279619757525345,0.3669454300302583,"UE27
EU27"
1,0.97607178199887,0.05247410914154925,BE
2,-4.475587044981813,-0.010699006231306095,BG
3,-1.2755710587799385,-2.3515351596248606,CZ
4,-0.5050862564290696,0.28657734302964344,DK
5,2.5833703313190526,1.220877519464044,D-W
6,2.0979888241954416,1.0274984082173964,DE
7,0.9422335571683024,0.2651878464146793,D-E
8,-0.025594704136107642,1.384701164889454,EE
9,0.09009901450402333,0.29460222021540045,IE
10,-1.0608953503008582,-0.4564461501931694,EL
11,0.35168338829873713,-1.476261131022693,ES
12,1.8913054879577884,0.11756975384606279,FR
13,-3.6354865424697755,-0.35659638944448524,HR
14,-0.6662850083404747,2.335306384455653,IT
15,-0.13369811882487415,-1.6696402422693404,CY
16,-1.244871651692976,-0.6844323297624021,LV
17,-3.4780753279782424,0.3893243454161885,LT
18,3.2542448730997307,-2.1286525153854035,LU
19,0.12454337242544328,1.8254010817318154,HU
20,-1.7911368034798598,-0.1459894555882614,MT
21,3.4947664341679503,-1.4314375982872014,NL
22,2.4624005409460117,-1.7663133724017557,AT
23,-0.7924255192327213,0.9327997402450656,PL
24,-3.6915514692137537,-0.8269988198296708,PT
25,-0.28119815951997035,-0.07169524084177654,RO
26,0.8068806578460369,1.1160427955072019,SI
27,3.088707736201155,1.1211272489903654,SK
28,0.5403296283329108,1.0855022862968458,FI
29,-0.2751245888335548,-0.44524026700929675,SE
